atoms
[[0.03554  0.03554  4.128071]
 [1.96493  1.9649 3  2.17487 ]
 [1.96442  1.96442  0.41844 ]
 [0.0328   1.96455  2.57261 ]
 [1.96455  0.0328   2.57261 ]]
[82. 22.  8.  8.  8.]
wannier centers
[[ 0.034247  0.034247  4.33452 ]
 [ 0.035519  0.035519  4.119702]
 [ 0.03563   0.035555  4.138143]
 [ 0.035555  0.03563   4.138143]
 [ 0.035491  0.035491  4.127399]
 [ 0.035548  0.035548  4.126494]
 [ 1.965098  1.965098  1.89305 ]
 [ 1.964997  1.964997  2.501245]
 [ 1.964682  1.964928  2.17193 ]
 [ 1.964928  1.964682  2.17193 ]
 [ 2.134361  2.134361  0.721504]
 [ 2.166669  1.762882  0.313988]
 [ 1.762882  2.166669  0.313988]
 [ 1.793176  1.793176  0.719933]
 [ 0.112383  2.249677  2.784701]
 [ 0.328074  1.893001  2.376548]
 [-0.263478  2.035616  2.377528]
 [-0.045695  1.679018  2.785961]
 [ 2.249677  0.112383  2.784701]
 [ 2.035616 -0.263479  2.377528]
 [ 1.893001  0.328074  2.376548]
 [ 1.679018 -0.045695  2.785961]]
[-2. -2. -2. -2. -2. -2. -2. -2. -2. -2. -2. -2. -2. -2. -2. -2. -2. -2.
 -2. -2. -2. -2.]
[0 0 0 0 0 0 1 1 1 1 2 2 2 2 3 3 3 3 4 4 4 4]
reduced wannier centers
[[-0.00020833 -0.00020833  0.03599583]
 [-0.00000375 -0.00000375  0.00966875]
 [-0.000148   -0.000148    0.09891325]
 [ 0.000021   -0.000222    0.0085745 ]
 [-0.000222    0.00002075  0.0085745 ]]
[-12.  -8.  -8.  -8.  -8.]
