670.000    10.136
698.500    13.429
721.000    18.350
742.000    26.536
753.500    41.791
755.500    49.961
756.000    55.950
756.500    68.473
757.000    90.252
757.500    123.464
758.000    164.300
758.500    210.036
759.000    254.137
759.500    288.984
760.000    308.585
760.500    302.052
761.000    273.740
761.500    237.806
762.000    202.961
762.500    172.471
763.000    145.248
763.500    121.837
764.000    102.236
764.500    85.903
765.000    72.836
765.500    60.858
766.000    51.603
766.500    43.981
767.000    37.448
767.500    32.548
768.000    27.104
769.500    16.216
772.000    6.962
777.000    2.611
787.000    0.987
800.559    -0.090
813.128    -0.078
845.810    -0.049
871.788    -0.025
899.441    0.000
