25.09 97.77
49.34 91.53
74.29 105.22
99.95 112.28
125.62 119.35
149.86 126.39
174.81 133.44
200.47 147.14
225.42 167.46
250.37 181.15
276.01 228.04
300.23 288.17
325.14 368.23
350.74 508.04
375.61 700.93
400.45 933.64
425.30 1172.99
449.44 1372.51
460.10 1458.97
470.05 1525.50
479.98 1625.23
484.95 1671.77
489.92 1718.31
494.77 2023.70
499.39 2787.05
504.71 3596.88
509.50 4035.01
513.86 3862.51
518.94 3670.12
524.02 3491.00
529.81 3305.26
534.17 3126.12
539.25 2933.73
544.33 2754.61
549.41 2568.86
