700.416    -3103.448
719.897    -2793.103
735.853    -2456.897
747.390    -2155.172
755.396    -1862.069
757.182    -1767.241
757.193    -1715.517
758.091    -1646.552
758.994    -1551.724
759.021    -1431.034
759.932    -1301.724
759.966    -1146.552
760.880    -1000.000
760.913    -853.448
761.824    -724.138
762.729    -620.690
762.750    -525.862
763.649    -448.276
763.664    -379.310
764.558    -327.586
764.570    -275.862
765.461    -232.759
765.469    -198.276
767.245    -146.552
768.141    -86.207
771.682    -34.483
776.981    -8.621
782.278    0.000
787.574    8.621
793.752    17.241
802.575    17.241
807.870    17.241
813.164    17.241
859.046    17.241
899.634    17.241
