0      3.899987102717642
99.69230769230768      3.906874251497006
199.38461538461547      3.9137614002763703
249.8461538461538      3.9184007369875635
300.30769230769226      3.9230400736987567
324.9230769230769      3.925960386918471
348.30769230769226      3.9282855826807923
377.8461538461538      3.93178995854445
404.9230769230768      3.9353017042837406
424.6153846153845      3.938835559649931
446.7692307692307      3.942960847535698
467.6923076923076      3.9470898203592815
487.38461538461536      3.952420082911101
487.38461538461537      3.9655937356057116
521.8461538461538      3.9690833717181024
551.3846153846152      3.9713901427913405
