1.2307692307692264      4.160462459695993
77.53846153846155      4.151251957623216
135.38461538461536      4.1426955320128975
178.46153846153845      4.135380930446799
238.76923076923083      4.122026715799171
297.8461538461538      4.106879778903731
365.53846153846143      4.086317825886688
395.0769230769231      4.074852141870106
428.30769230769226      4.060980193459236
455.38461538461536      4.046527867342239
473.8461538461538      4.034496545370797
486.1538461538461      4.022483648088439
487.38461538461536      3.9655937356057116
521.8461538461538      3.9690833717181024
551.3846153846152      3.9713901427913405
