22.47474747474746      1.0648202959830866
61.616161616161605      1.0631712473572938
100.75757575757575      1.061522198731501
133.5858585858586      1.0598731501057082
171.46464646464648      1.0577167019027485
208.08080808080814      1.0551797040169133
245.95959595959602      1.0522621564482029
286.3636363636363      1.0489640591966172
324.2424242424243      1.0451585623678645
359.59595959595964      1.0412262156448202
383.5858585858587      1.0383086680761098
403.7878787878788      1.0355179704016912
429.0404040404041      1.031585623678647
449.2424242424244      1.0282875264270612
471.96969696969705      1.0238477801268497
484.59595959595976      1.0209302325581395
492.17171717171726      1.0183932346723044
494.6969696969698      1.0002536997885834
540.1515151515152      1.0003805496828753
578.030303030303      1.0002536997885834
